P: I: D: Error: command:
0,0,0,355.57958984375,3.5557958984375
0,0,0,225.12060546875,2.2512060546875
0,0,0,160.1544189453125,1.601544189453125
0,0,0,108.52656555175781,1.0852656555175781
0,0,0,69.86937255859375,0.6986937255859376
0,0,0,-12.79117431640625,-0.1279117431640625
0,0,0,-42.00269775390625,-0.4200269775390625
0,0,0,-55.72509765625,-0.5572509765625
0,0,0,-56.58453369140625,-0.5658453369140625
0,0,0,-54.40565185546875,-0.5440565185546875
0,0,0,-61.11978759765625,-0.6111978759765625
0,0,0,-80.42193603515625,-0.8042193603515625
0,0,0,-94.97940673828126,-0.9497940673828126
0,0,0,-102.04674072265625,-1.0204674072265625
0,0,0,-95.85399169921875,-0.9585399169921875
0,0,0,-73.97862548828125,-0.7397862548828126
0,0,0,-27.26444091796875,-0.2726444091796875
0,0,0,19.5028564453125,0.195028564453125
0,0,0,68.466064453125,0.68466064453125
0,0,0,116.5169677734375,1.165169677734375
0,0,0,156.9250244140625,1.569250244140625
0,0,0,187.32532958984376,1.8732532958984376
0,0,0,218.32386474609376,2.1832386474609375
0,0,0,252.98662109375,2.5298662109375
0,0,0,287.5488525390625,2.8754885253906255
0,0,0,319.195703125,3.1919570312500003
0,0,0,351.5966430664063,3.515966430664063
0,0,0,382.64031982421875,3.8264031982421876
0,0,0,405.107568359375,4.0510756835937505
0,0,0,418.611328125,4.18611328125
0,0,0,426.64375,4.2664375
0,0,0,424.0751953125,4.240751953125
0,0,0,406.5628173828125,4.0656281738281255
0,0,0,372.9618896484375,3.729618896484375
0,0,0,333.89833984375,3.3389833984375
0,0,0,293.057958984375,2.9305795898437497
0,0,0,247.819384765625,2.4781938476562497
0,0,0,200.2259521484375,2.0022595214843752
0,0,0,162.20516357421874,1.6220516357421875
0,0,0,133.86387939453124,1.3386387939453124
0,0,0,122.7800537109375,1.227800537109375
0,0,0,132.1393798828125,1.321393798828125
0,0,0,168.1517822265625,1.6815178222656249
0,0,0,220.638818359375,2.20638818359375
0,0,0,274.24835205078125,2.7424835205078124
0,0,0,315.23985595703124,3.1523985595703126
0,0,0,342.61419677734375,3.4261419677734377
0,0,0,347.1883178710938,3.4718831787109377
0,0,0,327.5650634765625,3.275650634765625
0,0,0,293.6112060546875,2.936112060546875
0,0,0,251.20621337890626,2.5120621337890627
0,0,0,207.33604736328124,2.0733604736328126
0,0,0,173.0083984375,1.730083984375
0,0,0,139.81563720703124,1.3981563720703125
0,0,0,109.67152099609375,1.0967152099609374
0,0,0,84.08050537109375,0.8408050537109375
0,0,0,54.48807373046875,0.5448807373046874
0,0,0,33.1015380859375,0.331015380859375
0,0,0,22.547265625,0.22547265625000001
0,0,0,10.467431640625,0.10467431640625
0,0,0,-5.149267578125,-0.051492675781250004
0,0,0,-21.174072265625,-0.21174072265625
0,0,0,-58.73751220703125,-0.5873751220703125
0,0,0,-104.73021850585937,-1.0473021850585937
0,0,0,-162.24734497070312,-1.6224734497070312
0,0,0,-209.97042846679688,-2.0997042846679688
0,0,0,-237.30283813476564,-2.3730283813476563
0,0,0,-245.85596313476563,-2.4585596313476565
0,0,0,-240.39086303710937,-2.403908630371094
0,0,0,-198.53540649414063,-1.9853540649414063
0,0,0,-130.88624877929686,-1.3088624877929687
0,0,0,-60.072882080078124,-0.6007288208007813
0,0,0,23.029083251953125,0.23029083251953125
0,0,0,115.7156982421875,1.157156982421875
0,0,0,202.35777587890624,2.023577758789062
0,0,0,267.37066650390625,2.6737066650390626
0,0,0,322.4536499023437,3.2245364990234373
0,0,0,347.73402099609376,3.477340209960938
0,0,0,350.21373291015624,3.5021373291015623
0,0,0,337.0881713867187,3.3708817138671874
0,0,0,306.41778564453125,3.0641778564453124
0,0,0,269.397265625,2.69397265625
0,0,0,238.40438232421874,2.3840438232421874
0,0,0,212.9851806640625,2.1298518066406253
0,0,0,191.403759765625,1.9140375976562503
0,0,0,185.17171630859374,1.8517171630859375
0,0,0,190.0695556640625,1.9006955566406252
0,0,0,203.08157958984376,2.0308157958984374
0,0,0,225.9552001953125,2.259552001953125
0,0,0,276.4554931640625,2.764554931640625
0,0,0,335.2432006835937,3.3524320068359375
0,0,0,391.6115356445313,3.916115356445313
0,0,0,451.61192626953124,4.516119262695312
0,0,0,495.2181640625,4.9521816406250005
0,0,0,509.8647216796875,5.098647216796875
0,0,0,507.9228759765625,5.079228759765625
0,0,0,484.8849609375,4.848849609375001
0,0,0,428.568017578125,4.28568017578125
0,0,0,357.6705078125,3.576705078125
0,0,0,266.6763427734375,2.666763427734375
0,0,0,164.7869140625,1.647869140625
0,0,0,66.7046875,0.667046875
0,0,0,-13.894482421875,-0.13894482421875
0,0,0,-55.91492919921875,-0.5591492919921874
0,0,0,-67.02279052734374,-0.6702279052734375
0,0,0,-51.4668212890625,-0.514668212890625
0,0,0,-8.9050537109375,-0.089050537109375
0,0,0,62.12255859375,0.6212255859375
0,0,0,137.12647705078126,1.3712647705078127
0,0,0,230.91553955078126,2.309155395507813
0,0,0,333.4092529296875,3.3340925292968753
0,0,0,411.9855712890625,4.119855712890625
0,0,0,453.741845703125,4.53741845703125
0,0,0,461.9707275390625,4.619707275390625
0,0,0,429.8059326171875,4.298059326171876
0,0,0,360.35966796875,3.6035966796875
0,0,0,274.7036499023437,2.7470364990234373
0,0,0,187.75223388671876,1.8775223388671876
0,0,0,109.26334228515626,1.0926334228515626
0,0,0,38.17877197265625,0.3817877197265625
0,0,0,-22.2473388671875,-0.22247338867187502
0,0,0,-66.3046875,-0.663046875
0,0,0,-99.14000244140625,-0.9914000244140625
0,0,0,-126.69531860351563,-1.2669531860351564
0,0,0,-145.60034790039063,-1.4560034790039063
0,0,0,-146.55034790039062,-1.4655034790039063
0,0,0,-140.04096069335938,-1.4004096069335938
0,0,0,-138.9853942871094,-1.3898539428710939
0,0,0,-143.58431396484374,-1.4358431396484375
0,0,0,-163.23074951171876,-1.6323074951171876
0,0,0,-202.04581298828126,-2.0204581298828126
0,0,0,-246.6829833984375,-2.466829833984375
0,0,0,-292.7776184082031,-2.927776184082031
0,0,0,-344.9326477050781,-3.449326477050781
0,0,0,-388.0238433837891,-3.880238433837891
0,0,0,-424.59674377441405,-4.245967437744141
0,0,0,-457.99936828613284,-4.579993682861328
0,0,0,-475.71229858398436,-4.757122985839843
0,0,0,-472.5735778808594,-4.725735778808594
0,0,0,-463.83067932128904,-4.63830679321289
0,0,0,-452.93788146972656,-4.5293788146972656
0,0,0,-434.09532165527344,-4.340953216552735
0,0,0,-405.4607177734375,-4.0546071777343755
0,0,0,-378.69708862304685,-3.7869708862304687
0,0,0,-349.81151123046874,-3.4981151123046876
0,0,0,-317.1104736328125,-3.1711047363281253
0,0,0,-288.38108520507814,-2.8838108520507815
0,0,0,-274.51690673828125,-2.7451690673828124
0,0,0,-272.64305419921874,-2.7264305419921873
0,0,0,-275.2751831054687,-2.7527518310546872
0,0,0,-292.62021484375,-2.9262021484375
0,0,0,-322.8575500488281,-3.2285755004882812
0,0,0,-355.37763061523435,-3.5537763061523435
0,0,0,-385.5758361816406,-3.8557583618164064
0,0,0,-414.8263244628906,-4.1482632446289065
0,0,0,-437.2571166992187,-4.372571166992187
0,0,0,-442.3916809082031,-4.423916809082031
0,0,0,-436.08342895507815,-4.360834289550781
0,0,0,-427.4479187011719,-4.274479187011719
0,0,0,-421.72149047851565,-4.217214904785156
0,0,0,-415.5916809082031,-4.155916809082031
0,0,0,-415.4207794189453,-4.154207794189453
0,0,0,-421.45257263183595,-4.214525726318359
0,0,0,-425.13196716308596,-4.25131967163086
0,0,0,-427.2983856201172,-4.272983856201172
0,0,0,-429.39569396972655,-4.293956939697265
0,0,0,-432.2215270996094,-4.322215270996094
0,0,0,-438.0359252929687,-4.380359252929687
0,0,0,-446.0133575439453,-4.460133575439453
0,0,0,-458.1556060791016,-4.581556060791016
0,0,0,-465.13111877441406,-4.651311187744141
0,0,0,-468.5280792236328,-4.685280792236328
0,0,0,-468.5418975830078,-4.685418975830078
0,0,0,-461.549658203125,-4.61549658203125
0,0,0,-443.6269470214844,-4.436269470214844
0,0,0,-419.9721984863281,-4.199721984863281
0,0,0,-394.000244140625,-3.94000244140625
0,0,0,-369.9685119628906,-3.699685119628906
0,0,0,-348.6878356933594,-3.4868783569335937
0,0,0,-330.5044189453125,-3.3050441894531253
0,0,0,-320.9515747070312,-3.2095157470703124
0,0,0,-319.1087341308594,-3.191087341308594
0,0,0,-319.0911437988281,-3.190911437988281
0,0,0,-325.0359252929687,-3.2503592529296874
0,0,0,-334.5033264160156,-3.3450332641601563
0,0,0,-337.617236328125,-3.37617236328125
0,0,0,-335.29091796875,-3.3529091796875004
0,0,0,-327.5400634765625,-3.2754006347656253
0,0,0,-317.5624633789063,-3.175624633789063
0,0,0,-305.51715698242185,-3.0551715698242186
0,0,0,-300.54595947265625,-3.0054595947265628
0,0,0,-300.296826171875,-3.0029682617187503
0,0,0,-304.3327880859375,-3.0433278808593753
0,0,0,-311.5307250976563,-3.1153072509765627
0,0,0,-323.32973022460936,-3.233297302246094
0,0,0,-336.1824645996094,-3.361824645996094
0,0,0,-347.0271240234375,-3.4702712402343754
0,0,0,-355.8991943359375,-3.5589919433593753
0,0,0,-373.8589294433594,-3.738589294433594
0,0,0,-399.629833984375,-3.9962983398437504
0,0,0,-432.3804168701172,-4.323804168701172
0,0,0,-467.1319061279297,-4.671319061279298
0,0,0,-505.02048645019534,-5.0502048645019535
0,0,0,-530.3570526123046,-5.303570526123046
0,0,0,-540.9579986572265,-5.409579986572266
0,0,0,-536.2151062011719,-5.362151062011719
0,0,0,-521.8461181640625,-5.218461181640626
0,0,0,-498.4339111328125,-4.984339111328125
0,0,0,-472.358447265625,-4.72358447265625
0,0,0,-447.13543090820315,-4.471354309082032
0,0,0,-424.49610900878906,-4.244961090087891
0,0,0,-404.35487976074216,-4.043548797607421
0,0,0,-387.63669738769534,-3.8763669738769533
0,0,0,-373.09497985839846,-3.7309497985839846
0,0,0,-355.0472869873047,-3.550472869873047
0,0,0,-329.5277099609375,-3.295277099609375
0,0,0,-304.92295532226564,-3.0492295532226565
0,0,0,-277.10626831054685,-2.7710626831054688
0,0,0,-246.57999267578126,-2.465799926757813
0,0,0,-220.92344360351564,-2.2092344360351563
0,0,0,-206.9933837890625,-2.069933837890625
0,0,0,-197.89920043945312,-1.9789920043945313
0,0,0,-199.784130859375,-1.99784130859375
0,0,0,-208.751708984375,-2.08751708984375
0,0,0,-215.56134643554688,-2.155613464355469
0,0,0,-218.13900146484374,-2.1813900146484375
0,0,0,-213.82250366210937,-2.1382250366210935
0,0,0,-187.76004638671876,-1.8776004638671875
0,0,0,-150.44830322265625,-1.5044830322265625
0,0,0,-101.897265625,-1.01897265625
0,0,0,-137.01846313476562,-1.3701846313476562
0,0,0,-181.55108337402345,-1.8155108337402346
0,0,0,-164.82622985839845,-1.6482622985839845
0,0,0,-166.1531951904297,-1.661531951904297
0,0,0,-184.53870544433593,-1.8453870544433593
0,0,0,-121.44604797363282,-1.214460479736328
0,0,0,-136.03941650390624,-1.3603941650390625
0,0,0,-229.43759155273438,-2.2943759155273438
0,0,0,-302.21217041015626,-3.0221217041015627
0,0,0,-368.527734375,-3.68527734375
0,0,0,-425.9092041015625,-4.259092041015625
0,0,0,-397.11278076171874,-3.9711278076171874
0,0,0,-354.7854797363281,-3.5478547973632812
0,0,0,-221.40133056640624,-2.2140133056640625
0,0,0,-80.73515625,-0.8073515625000001
0,0,0,-25.749169921875,-0.25749169921875004
0,0,0,29.54681396484375,0.2954681396484375
0,0,0,72.14661865234375,0.7214661865234375
0,0,0,-0.06279296875,-0.0006279296875
0,0,0,-89.14829711914062,-0.8914829711914063
0,0,0,-99.07073364257812,-0.9907073364257812
0,0,0,-113.49566040039062,-1.1349566040039063
0,0,0,-34.87282104492188,-0.3487282104492188
0,0,0,59.62410278320313,0.5962410278320313
0,0,0,77.98154296875,0.7798154296875001
0,0,0,169.566259765625,1.69566259765625
0,0,0,258.94366455078125,2.5894366455078126
0,0,0,181.9158203125,1.819158203125
0,0,0,88.0288818359375,0.880288818359375
0,0,0,148.62373046875,1.4862373046875001
0,0,0,66.302685546875,0.66302685546875
0,0,0,43.8931640625,0.438931640625
0,0,0,30.64197998046875,0.30641979980468753
0,0,0,15.618310546875,0.15618310546875
0,0,0,-57.192724609375,-0.57192724609375
0,0,0,-1.29754638671875,-0.0129754638671875
0,0,0,1.43121337890625,0.0143121337890625
0,0,0,72.1083251953125,0.7210832519531251
0,0,0,162.05399169921876,1.6205399169921877
0,0,0,234.4803466796875,2.344803466796875
0,0,0,242.19727783203126,2.421972778320313
0,0,0,235.940234375,2.35940234375
0,0,0,215.84432373046874,2.1584432373046876
0,0,0,183.765087890625,1.8376508789062502
0,0,0,148.7880615234375,1.487880615234375
0,0,0,109.6843994140625,1.096843994140625
0,0,0,74.98046875,0.7498046875000001
0,0,0,50.33548583984375,0.5033548583984375
0,0,0,38.5483642578125,0.385483642578125
0,0,0,36.78563232421875,0.36785632324218753
0,0,0,46.95672607421875,0.4695672607421875
0,0,0,64.36849365234374,0.6436849365234375
0,0,0,83.428955078125,0.83428955078125
0,0,0,103.0625244140625,1.030625244140625
0,0,0,124.49903564453125,1.2449903564453124
0,0,0,145.28648681640624,1.4528648681640624
0,0,0,169.32828369140626,1.6932828369140627
0,0,0,195.501318359375,1.95501318359375
0,0,0,221.9005126953125,2.219005126953125
0,0,0,241.9009765625,2.4190097656250003
0,0,0,258.06845703125,2.5806845703124996
0,0,0,268.8201904296875,2.688201904296875
0,0,0,276.158935546875,2.76158935546875
0,0,0,277.70709228515625,2.7770709228515624
0,0,0,276.40020751953125,2.7640020751953127
0,0,0,265.2061401367188,2.6520614013671877
0,0,0,246.59674072265625,2.4659674072265627
0,0,0,221.23299560546874,2.2123299560546874
0,0,0,193.2755859375,1.932755859375
0,0,0,162.65908203125,1.6265908203125
0,0,0,136.31514892578124,1.3631514892578125
0,0,0,106.35843505859376,1.0635843505859375
0,0,0,76.72716064453125,0.7672716064453126
0,0,0,45.59293212890625,0.4559293212890625
0,0,0,20.93289794921875,0.20932897949218748
0,0,0,5.159765625,0.051597656250000005
0,0,0,5.7503662109375,0.057503662109375
0,0,0,15.82850341796875,0.1582850341796875
0,0,0,35.20570068359375,0.3520570068359375
0,0,0,54.84427490234375,0.5484427490234375
0,0,0,68.61435546875,0.6861435546875001
0,0,0,73.2654296875,0.732654296875
0,0,0,68.29925537109375,0.6829925537109375
0,0,0,54.91597900390625,0.5491597900390626
0,0,0,32.68875732421875,0.3268875732421875
0,0,0,1.89388427734375,0.018938842773437502
0,0,0,-39.35772705078125,-0.3935772705078125
0,0,0,-91.99027709960937,-0.9199027709960937
0,0,0,-150.8781494140625,-1.508781494140625
0,0,0,-213.028369140625,-2.13028369140625
0,0,0,-272.9543762207031,-2.7295437622070313
0,0,0,-321.18365478515625,-3.2118365478515627
0,0,0,-353.3232025146484,-3.5332320251464844
0,0,0,-375.44989318847655,-3.7544989318847657
0,0,0,-382.7845855712891,-3.8278458557128907
0,0,0,-376.8784515380859,-3.7687845153808595
0,0,0,-364.8173797607422,-3.648173797607422
0,0,0,-355.55348510742186,-3.555534851074219
0,0,0,-348.013671875,-3.48013671875
0,0,0,-357.4298400878906,-3.5742984008789063
0,0,0,-380.559326171875,-3.8055932617187502
0,0,0,-417.6039794921875,-4.176039794921875
0,0,0,-453.3064163208008,-4.533064163208008
0,0,0,-489.34651336669924,-4.893465133666992
0,0,0,-514.1372512817383,-5.141372512817383
0,0,0,-532.6574325561523,-5.326574325561523
0,0,0,-542.2663192749023,-5.422663192749024
0,0,0,-547.6526794433594,-5.476526794433594
0,0,0,-550.1076950073242,-5.501076950073242
0,0,0,-549.6754165649414,-5.496754165649414
0,0,0,-545.3827896118164,-5.453827896118164
0,0,0,-534.6008865356446,-5.3460088653564455
0,0,0,-514.2982742309571,-5.142982742309571
0,0,0,-490.3197448730469,-4.903197448730469
0,0,0,-464.7800598144531,-4.647800598144531
0,0,0,-441.8541534423828,-4.418541534423828
0,0,0,-270.5446807861328,-2.705446807861328
0,0,0,-283.79039306640624,-2.8379039306640625
0,0,0,-299.9686004638672,-2.9996860046386717
0,0,0,-314.1101348876953,-3.1411013488769535
0,0,0,-317.4502410888672,-3.174502410888672
0,0,0,-461.5670562744141,-4.615670562744141
0,0,0,-420.72174377441405,-4.2072174377441405
0,0,0,-372.65037231445314,-3.7265037231445315
0,0,0,-324.4089660644531,-3.2440896606445313
0,0,0,-286.2401428222656,-2.862401428222656
0,0,0,-267.8072509765625,-2.678072509765625
0,0,0,-266.7341003417969,-2.667341003417969
0,0,0,-279.27142944335935,-2.7927142944335936
0,0,0,-300.6089660644531,-3.0060896606445313
0,0,0,-321.9465026855469,-3.219465026855469
0,0,0,-336.2061340332031,-3.362061340332031
0,0,0,-344.7913818359375,-3.447913818359375
0,0,0,-349.1883056640625,-3.491883056640625
0,0,0,-345.121875,-3.45121875
0,0,0,-341.10325927734374,-3.4110325927734375
0,0,0,-377.435107421875,-3.77435107421875
