P: I: D: Error: command:
0,0,0,-44.673095703125,-0.1786923828125
0,0,0,-54.3427734375,-0.3960634765625
0,0,0,-68.7939453125,-0.6712392578124999
0,0,0,-59.6771240234375,-0.9099477539062499
0,0,0,-17.102783203125,-0.97835888671875
0,0,0,29.2166748046875,-0.6827998046875
0,0,0,94.18408203125,-0.08869238281250001
0,0,0,143.8463134765625,0.7618686523437501
0,0,0,199.13134765625,1.7971025390625
0,0,0,244.7781982421875,2.84462646484375
0,0,0,271.6702880859375,3.81444091796875
0,0,0,267.4228515625,4.5073959960937495
0,0,0,230.50299072265625,4.854022705078125
0,0,0,195.4808349609375,4.839420654296875
0,0,0,147.56585693359375,4.4505712890625
0,0,0,116.5771484375,3.8301987304687497
0,0,0,93.45526123046875,3.1343283691406247
0,0,0,72.50732421875,2.502345703125
0,0,0,31.95611572265625,1.8482468261718752
0,0,0,-12.9307861328125,1.2062602539062501
0,0,0,-18.0577392578125,0.6677207031250001
0,0,0,-61.4599609375,0.048059814453125
0,0,0,-102.32696533203125,-0.65127734375
0,0,0,-104.71453857421875,-1.1979599609375
0,0,0,-66.5115966796875,-1.4122832031249999
0,0,0,-48.22930908203125,-1.5329694824218751
0,0,0,24.03936767578125,-1.1909721679687502
0,0,0,67.82012939453125,-0.5103837890625
0,0,0,96.521484375,0.294560302734375
0,0,0,116.124755859375,1.025105712890625
0,0,0,114.76763916015625,1.677093505859375
0,0,0,98.531982421875,1.97506396484375
0,0,0,63.15020751953125,1.95638427734375
0,0,0,19.867431640625,1.64976806640625
0,0,0,-27.23114013671875,1.076344482421875
0,0,0,-92.37451171875,0.24777587890625
0,0,0,-115.57171630859375,-0.608638916015625
0,0,0,-141.78530883789062,-1.4283809814453126
0,0,0,-119.9951171875,-1.9878311767578125
0,0,0,-87.42340087890625,-2.2286002197265624
0,0,0,-52.06201171875,-2.0673502197265625
0,0,0,-6.94921875,-1.6328602294921877
0,0,0,40.023681640625,-0.9056242675781251
0,0,0,78.287841796875,-0.112492431640625
0,0,0,113.20941162109375,0.6900388183593751
0,0,0,113.460693359375,1.352129638671875
0,0,0,105.64453125,1.802504638671875
0,0,0,76.289794921875,1.947569091796875
0,0,0,47.57598876953125,1.8247216796875
0,0,0,-16.3487548828125,1.306489013671875
0,0,0,-71.55224609375,0.566437255859375
0,0,0,-117.8839111328125,-0.327676513671875
0,0,0,-163.550048828125,-1.2870358886718751
0,0,0,-198.18255615234375,-2.270070068359375
0,0,0,-208.3360595703125,-3.0380192871093747
0,0,0,-191.42037963867188,-3.5174918212890622
0,0,0,-151.93881225585938,-3.6537114257812497
0,0,0,-94.3096923828125,-3.3767500000000004
0,0,0,-31.453369140625,-2.7098332519531247
0,0,0,12.52874755859375,-1.8263740234375
0,0,0,67.260986328125,-0.7916485595703125
0,0,0,111.19879150390625,0.26090185546875
0,0,0,133.843505859375,1.1735146484374999
0,0,0,139.7244873046875,1.8582260742187502
0,0,0,130.9783935546875,2.332024658203125
0,0,0,113.15911865234375,2.5156171875
0,0,0,69.1270751953125,2.347330322265625
0,0,0,3.6318359375,1.826483642578125
0,0,0,-49.4105224609375,1.0699436035156251
0,0,0,-139.72442626953125,-0.01286767578125
0,0,0,-206.7904052734375,-1.292665771484375
0,0,0,-258.42547607421875,-2.6028759765625002
0,0,0,-285.49310302734375,-3.759375732421875
0,0,0,-298.964111328125,-4.757590087890625
0,0,0,-286.9759521484375,-5.34659619140625
0,0,0,-241.96331787109375,-5.487287841796875
0,0,0,-198.98052978515625,-5.249508056640625
0,0,0,-139.2218017578125,-4.664422851562501
0,0,0,-63.7847900390625,-3.72370556640625
0,0,0,11.6741943359375,-2.52910498046875
0,0,0,65.67919921875,-1.298534912109375
0,0,0,101.37200927734375,-0.09712475585937501
0,0,0,115.7728271484375,0.9228537597656251
0,0,0,99.1602783203125,1.574634033203125
0,0,0,45.46484375,1.7097966308593748
0,0,0,20.4705810546875,1.5289621582031252
0,0,0,-41.64459228515625,0.956895751953125
0,0,0,-133.742919921875,-0.041167236328124995
0,0,0,-191.47686767578125,-1.2037158203125
0,0,0,-232.99102783203125,-2.317539306640625
0,0,0,-292.93231201171875,-3.57115087890625
0,0,0,-302.79681396484375,-4.615759765625
0,0,0,-289.1875915527344,-5.237538452148438
0,0,0,-264.8091125488281,-5.530867431640624
0,0,0,-258.9281005859375,-5.6346157226562505
0,0,0,-221.93270874023438,-5.350617309570313
0,0,0,-167.49581909179688,-4.809413330078125
0,0,0,-113.86279296875,-4.108114135742188
0,0,0,-66.07177734375,-3.313164794921875
0,0,0,-33.313232421875,-2.410705322265625
0,0,0,18.49322509765625,-1.4490015869140627
0,0,0,2.92816162109375,-0.7673056640625001
0,0,0,-8.7587890625,-0.34688964843750003
0,0,0,-26.2509765625,-0.1876064453125
0,0,0,-86.34271240234375,-0.39972436523437505
0,0,0,-136.1556396484375,-1.01831982421875
0,0,0,-161.79074096679688,-1.6771954345703126
0,0,0,-198.67892456054688,-2.4368759765625003
0,0,0,-227.26080322265625,-3.2409152832031247
0,0,0,-213.70187377929688,-3.7503519287109373
0,0,0,-174.13079833984375,-3.9022525634765626
0,0,0,-120.44744873046875,-3.7368793945312504
0,0,0,-79.98419189453125,-3.262100463867188
0,0,0,-46.3946533203125,-2.5386358642578126
0,0,0,-22.5816650390625,-1.774155029296875
0,0,0,16.39892578125,-1.0120361328125
0,0,0,4.3355712890625,-0.512904052734375
0,0,0,-11.5736083984375,-0.23926171875000002
0,0,0,-22.35546875,-0.14310498046875
0,0,0,-81.894287109375,-0.38035546875000004
0,0,0,-121.35223388671875,-0.9313601074218749
0,0,0,-156.4375,-1.5744523925781249
0,0,0,-181.5950927734375,-2.254538330078125
0,0,0,-232.614013671875,-3.095572509765625
0,0,0,-261.5419006347656,-3.8141629638671875
0,0,0,-243.6220703125,-4.3032423095703125
0,0,0,-230.15106201171875,-4.598096557617188
0,0,0,-204.79864501953125,-4.690910766601562
0,0,0,-178.21481323242188,-4.47331396484375
0,0,0,-91.6959228515625,-3.7939300537109375
0,0,0,-34.04205322265625,-2.955609985351563
0,0,0,-13.986328125,-2.0909510498046875
0,0,0,6.39642333984375,-1.2461707763671874
0,0,0,19.867431640625,-0.45384179687500004
0,0,0,20.62139892578125,-0.004572509765625001
0,0,0,15.393798828125,0.19317089843750002
0,0,0,-21.978515625,0.1612021484375
0,0,0,-61.07354736328125,-0.108677734375
0,0,0,-105.3428955078125,-0.60951904296875
0,0,0,-145.7562255859375,-1.275029541015625
0,0,0,-181.36895751953125,-2.06208056640625
0,0,0,-225.57693481445312,-2.8764742431640626
0,0,0,-242.59161376953125,-3.6025465087890627
0,0,0,-235.60476684570312,-4.123593994140625
0,0,0,-182.58782958984375,-4.27092041015625
0,0,0,-128.51535034179688,-4.059505981445312
0,0,0,-51.10699462890625,-3.3616262207031253
0,0,0,11.6240234375,-2.344763671875
0,0,0,82.87451171875,-1.0708465576171875
0,0,0,140.076416015625,0.21981042480468752
0,0,0,139.8753662109375,1.2933732910156248
0,0,0,125.03179931640625,1.997928466796875
0,0,0,89.2833251953125,2.308565673828125
0,0,0,30.1717529296875,2.097754638671875
0,0,0,-46.6962890625,1.350663818359375
0,0,0,-133.5418701171875,0.256994873046875
0,0,0,-215.09671020507812,-1.1035191650390626
0,0,0,-263.9546203613281,-2.516470947265625
0,0,0,-291.67572021484375,-3.80386083984375
0,0,0,-343.1721496582031,-4.989764282226562
0,0,0,-346.7409362792969,-5.842560546874999
0,0,0,-303.6387634277344,-6.196728759765626
0,0,0,-244.57708740234375,-6.119218627929688
0,0,0,-210.0953369140625,-5.792897094726563
0,0,0,-183.24130249023438,-5.153173706054688
0,0,0,-141.18212890625,-4.3309384765625
0,0,0,-117.733154296875,-3.5873160400390622
0,0,0,-104.94073486328125,-3.0287706298828123
0,0,0,-82.4471435546875,-2.5181778564453126
0,0,0,-44.5599365234375,-1.963452392578125
0,0,0,-28.51287841796875,-1.512775390625
0,0,0,-8.5074462890625,-1.07587255859375
0,0,0,3.83294677734375,-0.6407778320312499
0,0,0,22.78271484375,-0.2198583984375
0,0,0,61.7098388671875,0.205220703125
0,0,0,70.9239501953125,0.602968017578125
0,0,0,72.23095703125,0.9259216308593751
0,0,0,55.40478515625,1.132208984375
0,0,0,4.644775390625,1.0596572265625
0,0,0,-58.2291259765625,0.5799013671875001
0,0,0,-123.75018310546875,-0.198795166015625
0,0,0,-173.8040771484375,-1.182935302734375
0,0,0,-218.8665771484375,-2.280020751953125
0,0,0,-264.92169189453125,-3.35828662109375
0,0,0,-227.18539428710938,-4.034111694335937
0,0,0,-175.5633544921875,-4.241364379882813
0,0,0,-92.02264404296875,-3.9142386474609374
0,0,0,-4.0526123046875,-3.0549827880859373
0,0,0,55.71258544921875,-1.7724456787109375
0,0,0,127.84698486328125,-0.35231616210937505
0,0,0,191.68121337890625,1.116662109375
0,0,0,246.2861328125,2.469897216796875
0,0,0,275.36041259765625,3.5875493164062497
0,0,0,276.8223876953125,4.471988525390625
0,0,0,262.3673095703125,5.010069824218751
0,0,0,207.7330322265625,5.0742770996093745
0,0,0,185.371337890625,4.830617919921876
0,0,0,180.33233642578125,4.450505615234375
0,0,0,135.9547119140625,3.887034912109375
0,0,0,68.643310546875,3.1121389160156254
0,0,0,-53.079833984375,2.068887451171875
0,0,0,-140.57894897460938,0.7650863037109374
0,0,0,-219.494873046875,-0.8342225341796875
0,0,0,-282.47723388671875,-2.5079503173828126
0,0,0,-331.2970275878906,-4.1077116699218745
0,0,0,-359.1563720703125,-5.332017822265625
0,0,0,-339.2388916015625,-6.126657592773438
0,0,0,-281.7232360839844,-6.375571044921875
0,0,0,-213.6641845703125,-6.100318847656251
0,0,0,-135.78646850585938,-5.318276611328125
0,0,0,-22.68212890625,-3.972379638671875
0,0,0,91.595458984375,-2.249042236328125
0,0,0,188.9385986328125,-0.3663948974609375
0,0,0,259.68212890625,1.5269903564453124
0,0,0,280.0142822265625,3.190193359375
0,0,0,271.6954345703125,4.3677036132812495
0,0,0,231.2569580078125,4.926349609375
0,0,0,166.7042236328125,4.837412109375
0,0,0,94.18408203125,4.175419921875
0,0,0,4.73773193359375,3.074313720703125
0,0,0,-105.06640625,1.5672663574218753
0,0,0,-194.6090087890625,-0.136197509765625
0,0,0,-302.9727478027344,-2.0149053955078124
0,0,0,-396.02606201171875,-3.9757459716796877
0,0,0,-452.80029296875,-5.805898071289063
0,0,0,-450.2603454589844,-7.186673828125
0,0,0,-372.5771179199219,-7.898546264648437
0,0,0,-304.8953857421875,-7.90623681640625
0,0,0,-234.49896240234375,-7.26012841796875
0,0,0,-155.96002197265625,-6.072767333984375
0,0,0,-98.481689453125,-4.665652709960938
0,0,0,-23.4361572265625,-3.2690888671875
0,0,0,33.2127685546875,-1.9166562500000002
0,0,0,117.28076171875,-0.509537353515625
0,0,0,207.50677490234375,0.944329833984375
0,0,0,294.7669677734375,2.517324462890625
0,0,0,346.9671630859375,3.998937744140625
0,0,0,352.11932373046875,5.2745639648437495
0,0,0,345.7105712890625,6.188283203125
0,0,0,313.0509033203125,6.610459716796875
0,0,0,272.4996337890625,6.521390380859375
0,0,0,219.49493408203125,6.01150146484375
0,0,0,153.17041015625,5.215705810546876
0,0,0,79.494140625,4.150840087890625
0,0,0,-9.211181640625,2.861791748046875
0,0,0,-86.8956298828125,1.424210693359375
0,0,0,-160.76031494140625,-0.096810302734375
0,0,0,-233.82037353515625,-1.6447734374999998
0,0,0,-284.06060791015625,-3.098992431640625
0,0,0,-351.3653259277344,-4.467609008789062
0,0,0,-411.25634765625,-5.7650518798828125
0,0,0,-460.10125732421875,-6.962415649414063
0,0,0,-461.44586181640625,-7.872917602539062
0,0,0,-425.845703125,-8.440057983398438
0,0,0,-361.3428955078125,-8.47996826171875
0,0,0,-287.67962646484375,-7.985661376953125
0,0,0,-188.95733642578125,-6.901085693359375
0,0,0,-102.1510009765625,-5.46390625
0,0,0,0.148193359375,-3.7599306640625003
0,0,0,178.45367431640625,-1.600744384765625
0,0,0,318.05853271484375,0.822208251953125
0,0,0,429.03759765625,3.2941879882812497
0,0,0,492.434326171875,5.672529296875
0,0,0,469.5762939453125,7.55024169921875
0,0,0,403.79248046875,8.451596923828125
0,0,0,338.4974365234375,8.5333525390625
0,0,0,279.4361572265625,7.93494677734375
0,0,0,240.30462646484375,6.926427978515625
0,0,0,185.82373046875,5.791417724609375
0,0,0,105.77020263671875,4.5993286132812505
0,0,0,48.342529296875,3.438708984375
0,0,0,-42.5870361328125,2.1506162109375
0,0,0,-108.509521484375,0.755359619140625
0,0,0,-225.4261474609375,-0.889639892578125
0,0,0,-328.8152160644531,-2.6279815673828124
0,0,0,-421.4852600097656,-4.507292724609376
0,0,0,-501.38134765625,-6.342469970703125
0,0,0,-118.39935302734375,-6.382029296875
0,0,0,-488.9910430908203,-7.436288879394531
0,0,0,-392.16064453125,-7.689670593261719
0,0,0,-301.5653076171875,-7.209990783691406
0,0,0,-214.60662841796875,-6.062891906738281
0,0,0,-107.35345458984375,-6.018708312988281
0,0,0,-13.2322998046875,-4.115673339843751
0,0,0,85.76470947265625,-2.2039719238281252
0,0,0,165.5858154296875,-0.335367431640625
0,0,0,297.14202880859375,1.711627197265625
0,0,0,331.56085205078125,3.467284423828125
0,0,0,355.83892822265625,4.9435693359375
0,0,0,333.8228759765625,5.9358020019531255
0,0,0,274.3092041015625,6.370695556640625
0,0,0,225.5267333984375,6.084234375
0,0,0,165.33447265625,5.419328857421875
0,0,0,106.8006591796875,4.42317578125
0,0,0,33.9918212890625,3.2238515625
0,0,0,-22.1795654296875,2.037896484375
0,0,0,-88.75543212890625,0.780767822265625
0,0,0,-139.37258911132812,-0.4380604248046875
0,0,0,-213.4254150390625,-1.7189647216796875
0,0,0,-284.1611328125,-2.9915765380859374
0,0,0,-352.84814453125,-4.314250854492188
0,0,0,-371.72259521484375,-5.446119506835937
0,0,0,-353.7026672363281,-6.303439819335938
0,0,0,-276.09356689453125,-6.554112426757813
0,0,0,-210.748779296875,-6.260463012695312
0,0,0,-86.3677978515625,-5.194541625976562
0,0,0,65.1671142578125,-3.446982788085937
0,0,0,154.02490234375,-1.416072509765625
0,0,0,234.901123046875,0.62790625
0,0,0,276.26953125,2.5759794921875
0,0,0,294.6287841796875,4.0999658203125
0,0,0,275.1134033203125,4.9397509765625
0,0,0,236.35888671875,5.2690869140625
0,0,0,145.65582275390625,4.912105712890625
0,0,0,69.10186767578125,4.08343505859375
0,0,0,-24.7178955078125,2.8060483398437497
0,0,0,-117.38128662109375,1.236069580078125
0,0,0,-196.33847045898438,-0.4947198486328125
0,0,0,-268.8805847167969,-2.152865478515625
0,0,0,-320.36285400390625,-3.710724365234375
0,0,0,-343.8758544921875,-4.987356201171876
0,0,0,-307.3332214355469,-5.7471639404296875
0,0,0,-261.5419006347656,-6.007977661132813
0,0,0,-221.10336303710938,-5.816868774414063
0,0,0,-155.73382568359375,-5.158352661132812
0,0,0,-103.78460693359375,-4.197987670898438
0,0,0,-29.21661376953125,-3.085521240234375
0,0,0,47.148681640625,-1.8507589111328124
0,0,0,110.5704345703125,-0.524063720703125
0,0,0,133.74298095703125,0.633843505859375
0,0,0,172.49725341796875,1.738970947265625
0,0,0,135.45196533203125,2.3976452636718752
0,0,0,93.354736328125,2.582469482421875
0,0,0,30.9508056640625,2.2639909667968747
0,0,0,-57.1639404296875,1.50036328125
0,0,0,-170.17242431640625,0.1296845703125
0,0,0,-229.64898681640625,-1.33071923828125
0,0,0,-294.96807861328125,-2.884010498046875
0,0,0,-372.67767333984375,-4.4985244140625005
0,0,0,-402.2589111328125,-5.8789042968750005
0,0,0,-407.43621826171875,-6.827959472656251
0,0,0,-403.7919921875,-7.524531494140625
0,0,0,-392.8091125488281,-7.9158956298828125
0,0,0,-363.60479736328125,-7.879604125976563
0,0,0,-319.47064208984375,-7.5484510498046875
0,0,0,-262.98321533203125,-6.970639038085937
0,0,0,-227.29788208007812,-6.264662597656249
0,0,0,-198.678955078125,-5.488141967773438
0,0,0,-120.21051025390625,-4.514564819335938
0,0,0,-18.74072265625,-3.311645141601563
0,0,0,58.8353271484375,-2.0243709716796876
0,0,0,121.4171142578125,-0.6295109863281251
0,0,0,141.29608154296875,0.7303891601562501
0,0,0,159.51727294921875,1.84930029296875
0,0,0,140.615478515625,2.48672509765625
0,0,0,88.3785400390625,2.60489794921875
0,0,0,11.65643310546875,2.165855224609375
0,0,0,-73.952392578125,1.3048613281249999
0,0,0,-161.6982421875,0.019999267578125
0,0,0,-249.23138427734375,-1.5393881835937502
0,0,0,-319.2978515625,-3.17009375
0,0,0,-383.1583251953125,-4.749352783203125
0,0,0,-392.5577697753906,-6.023774291992188
0,0,0,-364.53472900390625,-6.8351202392578125
0,0,0,-329.412109375,-7.155843139648438
0,0,0,-274.6108093261719,-6.977094970703125
0,0,0,-225.4261474609375,-6.346166259765625
0,0,0,-157.11611938476562,-5.4043996582031255
0,0,0,-90.48956298828125,-4.308218994140625
0,0,0,-18.00750732421875,-3.0626005859375
0,0,0,50.3154296875,-1.7628956298828127
0,0,0,119.09033203125,-0.3848297119140625
0,0,0,184.86871337890625,0.983109619140625
0,0,0,242.1141357421875,2.3135244140625
0,0,0,282.5526123046875,3.515764892578125
0,0,0,307.77301025390625,4.54559521484375
0,0,0,289.0870361328125,5.22558203125
0,0,0,239.1737060546875,5.442802001953125
0,0,0,144.29864501953125,5.0515400390625
0,0,0,48.103759765625,4.11374462890625
0,0,0,-79.368408203125,2.565178955078125
0,0,0,-225.27532958984375,0.5077294921875
0,0,0,-349.22906494140625,-1.845881591796875
0,0,0,-440.7995300292969,-4.186274291992188
0,0,0,-531.2642135620117,-6.5037461853027345
0,0,0,-545.0870742797852,-8.366620849609374
0,0,0,-483.83888244628906,-9.400875061035157
